1111111111111111111111111111111
1111111111111111111111111111111
1111111111111111111111111111111
1111111111111111111100000000001
1111111111111111111100000000001
1111111111111111111100000000001
1111111111111111111111111001111
1111111111111111111111111001111
1111111111111111100111111001111
1111111111111111100111111001111
1110000000000100000100000000001
1110000000000000000000000000001
1110000000000100000100000000001
1110000000000100000100000000001
1111111111111100000111111111111
1111111111111111111111111111111
1111111111111111111111111111111
1111111111111111111111111111111
