11111111111111111111111111111111111111111111111111
11111111111111111111110000000000000000011111111111
11111111111111111111110000000000000000011111111111
11111111111111111111110000000000000000011111111111
11111111111111111111110000000000000000011111111111
11111111111111111111110000000000000000011111111111
11111111111111111111110000000000000000011111111111
11111111111111111111110000111111111111111111111111
11111111111111111111110000111111111111111111111111
10000000000000011000000000100000000000000000000001
10000000000000011000000000100000000000000000000001
10000000000000011000000000100000000000000000000001
10000000000000000000000000000000000000000000000001
10000000000000000000000000000000000000000000000001
10000000000000011000000000100000000000000000000001
10000000000000011000000000100000000000000000000001
10000000000000011000000000100000000000000000000001
10000000000000011000000000100000000000000000000001
10000000000000011000000000100000000000000000000001
10000000000000011111000011110000000000000000000001
11111111111111111111000011111111111111111111111111
11111111111111111111000011111111111111111111111111
11111111111111111111000011111111111111111111111111
11111111111111111111111111111111111111111111111111